camera_matrix:
  rows: 3
  cols: 3
  data:
    - 737.18499756
    - 0.0
    - 960.56799316
    - 0.0
    - 737.190979
    - 586.07501221
    - 0.0
    - 0.0
    - 1.0

distortion_coefficients:
  rows: 1
  cols: 8
  data:
    - 2.751339912414551
    - 2.5534799098968506
    - -0.00019820399757009
    - 0.0001726949994917959
    - 0.5310829877853394
    - 2.7598299980163574
    - 2.5699400901794434
    - 0.7607979774475098
